-2.832706740000000278e-02 0.000000000000000000e+00 -0.000000000000000000e+00 1.138524976000000050e-01 -1.126551959999999922e-02 -0.000000000000000000e+00 -0.000000000000000000e+00 4.726620180000000448e-02 -3.510270600000000001e-03 -3.401425000000000021e-03 -0.000000000000000000e+00 1.738808460000000264e-02 -3.510270600000000001e-03 3.401425000000000021e-03 -0.000000000000000000e+00 1.738808460000000264e-02 -1.632684000000000240e-04 -1.360570000000000290e-04 -0.000000000000000000e+00 0.000000000000000000e+00 -1.632684000000000240e-04 1.360570000000000290e-04 -0.000000000000000000e+00 0.000000000000000000e+00 -7.347077999999999725e-04 0.000000000000000000e+00 -0.000000000000000000e+00 -4.163344200000000314e-03 -3.537481999999999888e-04 -0.000000000000000000e+00 -0.000000000000000000e+00 -2.040854999999999839e-03
0.000000000000000000e+00 -3.692586979999999686e-02 0.000000000000000000e+00 -0.000000000000000000e+00 0.000000000000000000e+00 3.398703859999999827e-02 0.000000000000000000e+00 -0.000000000000000000e+00 3.401425000000000021e-03 2.176911999999999868e-04 0.000000000000000000e+00 -1.327916320000000101e-02 -3.401425000000000021e-03 2.176911999999999868e-04 -0.000000000000000000e+00 1.327916320000000101e-02 1.360570000000000290e-04 0.000000000000000000e+00 0.000000000000000000e+00 0.000000000000000000e+00 -1.360570000000000290e-04 0.000000000000000000e+00 -0.000000000000000000e+00 -0.000000000000000000e+00 0.000000000000000000e+00 -1.442204200000000167e-03 0.000000000000000000e+00 0.000000000000000000e+00 0.000000000000000000e+00 1.360570000000000182e-03 -0.000000000000000000e+00 0.000000000000000000e+00
-0.000000000000000000e+00 0.000000000000000000e+00 -2.800053060000000024e-02 0.000000000000000000e+00 -0.000000000000000000e+00 0.000000000000000000e+00 -1.404108240000000001e-02 0.000000000000000000e+00 -0.000000000000000000e+00 -0.000000000000000000e+00 -4.761994999999999770e-03 0.000000000000000000e+00 -0.000000000000000000e+00 0.000000000000000000e+00 -4.761994999999999770e-03 0.000000000000000000e+00 -0.000000000000000000e+00 -0.000000000000000000e+00 -2.993253999999999988e-04 -0.000000000000000000e+00 -0.000000000000000000e+00 0.000000000000000000e+00 -2.993253999999999988e-04 -0.000000000000000000e+00 -0.000000000000000000e+00 0.000000000000000000e+00 -1.224513000000000207e-03 -0.000000000000000000e+00 -0.000000000000000000e+00 -0.000000000000000000e+00 -6.802850000000000910e-04 0.000000000000000000e+00
-1.155123929999999910e-01 0.000000000000000000e+00 -0.000000000000000000e+00 3.002505876000000073e-01 -4.726620180000000448e-02 -0.000000000000000000e+00 -0.000000000000000000e+00 1.384243918000000184e-01 -1.738808460000000264e-02 -1.327916320000000101e-02 -0.000000000000000000e+00 6.427332680000000242e-02 -1.738808460000000264e-02 1.327916320000000101e-02 -0.000000000000000000e+00 6.427332680000000242e-02 0.000000000000000000e+00 -0.000000000000000000e+00 -0.000000000000000000e+00 6.095353599999999740e-03 0.000000000000000000e+00 0.000000000000000000e+00 -0.000000000000000000e+00 6.095353599999999740e-03 4.163344200000000314e-03 -0.000000000000000000e+00 0.000000000000000000e+00 2.054460700000000292e-02 2.040854999999999839e-03 0.000000000000000000e+00 -0.000000000000000000e+00 1.096619419999999949e-02
-1.126551959999999922e-02 0.000000000000000000e+00 -0.000000000000000000e+00 4.726620180000000448e-02 -2.832706740000000278e-02 0.000000000000000000e+00 -0.000000000000000000e+00 1.138524976000000050e-01 -3.510270600000000001e-03 3.401425000000000021e-03 -0.000000000000000000e+00 1.738808460000000264e-02 -3.510270600000000001e-03 -3.401425000000000021e-03 -0.000000000000000000e+00 1.738808460000000264e-02 -1.632684000000000240e-04 1.360570000000000290e-04 -0.000000000000000000e+00 0.000000000000000000e+00 -1.632684000000000240e-04 -1.360570000000000290e-04 -0.000000000000000000e+00 0.000000000000000000e+00 -3.537481999999999888e-04 0.000000000000000000e+00 -0.000000000000000000e+00 -2.040854999999999839e-03 -7.347077999999999725e-04 0.000000000000000000e+00 -0.000000000000000000e+00 -4.163344200000000314e-03
-0.000000000000000000e+00 3.398703859999999827e-02 0.000000000000000000e+00 0.000000000000000000e+00 0.000000000000000000e+00 -3.692586979999999686e-02 0.000000000000000000e+00 -0.000000000000000000e+00 -3.401425000000000021e-03 2.176911999999999868e-04 -0.000000000000000000e+00 1.327916320000000101e-02 3.401425000000000021e-03 2.176911999999999868e-04 0.000000000000000000e+00 -1.327916320000000101e-02 -1.360570000000000290e-04 0.000000000000000000e+00 -0.000000000000000000e+00 -0.000000000000000000e+00 1.360570000000000290e-04 0.000000000000000000e+00 0.000000000000000000e+00 0.000000000000000000e+00 -0.000000000000000000e+00 1.360570000000000182e-03 -0.000000000000000000e+00 -0.000000000000000000e+00 0.000000000000000000e+00 -1.442204200000000167e-03 0.000000000000000000e+00 0.000000000000000000e+00
-0.000000000000000000e+00 0.000000000000000000e+00 -1.404108240000000001e-02 0.000000000000000000e+00 -0.000000000000000000e+00 0.000000000000000000e+00 -2.800053060000000024e-02 0.000000000000000000e+00 -0.000000000000000000e+00 0.000000000000000000e+00 -4.761994999999999770e-03 0.000000000000000000e+00 -0.000000000000000000e+00 -0.000000000000000000e+00 -4.761994999999999770e-03 0.000000000000000000e+00 -0.000000000000000000e+00 0.000000000000000000e+00 -2.993253999999999988e-04 -0.000000000000000000e+00 -0.000000000000000000e+00 -0.000000000000000000e+00 -2.993253999999999988e-04 -0.000000000000000000e+00 -0.000000000000000000e+00 -0.000000000000000000e+00 -6.802850000000000910e-04 0.000000000000000000e+00 -0.000000000000000000e+00 0.000000000000000000e+00 -1.224513000000000207e-03 -0.000000000000000000e+00
-4.726620180000000448e-02 0.000000000000000000e+00 -0.000000000000000000e+00 1.384243918000000184e-01 -1.155123929999999910e-01 0.000000000000000000e+00 -0.000000000000000000e+00 3.002505876000000073e-01 -1.738808460000000264e-02 1.327916320000000101e-02 -0.000000000000000000e+00 6.427332680000000242e-02 -1.738808460000000264e-02 -1.327916320000000101e-02 -0.000000000000000000e+00 6.427332680000000242e-02 0.000000000000000000e+00 0.000000000000000000e+00 -0.000000000000000000e+00 6.095353599999999740e-03 0.000000000000000000e+00 -0.000000000000000000e+00 -0.000000000000000000e+00 6.095353599999999740e-03 2.040854999999999839e-03 -0.000000000000000000e+00 -0.000000000000000000e+00 1.096619419999999949e-02 4.163344200000000314e-03 -0.000000000000000000e+00 0.000000000000000000e+00 2.054460700000000292e-02
-9.409702120000000558e-02 9.015136819999999829e-02 -0.000000000000000000e+00 3.078425681999999997e-01 -9.406980980000000103e-02 -9.015136819999999829e-02 -0.000000000000000000e+00 3.078425681999999997e-01 -2.832706740000000278e-02 -0.000000000000000000e+00 -0.000000000000000000e+00 1.155123929999999910e-01 -1.126551959999999922e-02 -0.000000000000000000e+00 -0.000000000000000000e+00 4.726620180000000448e-02 -7.347077999999999725e-04 -0.000000000000000000e+00 -0.000000000000000000e+00 4.163344200000000314e-03 -3.537481999999999888e-04 -0.000000000000000000e+00 -0.000000000000000000e+00 2.040854999999999839e-03 -1.632684000000000240e-04 1.360570000000000290e-04 -0.000000000000000000e+00 -0.000000000000000000e+00 -1.632684000000000240e-04 -1.360570000000000290e-04 -0.000000000000000000e+00 -0.000000000000000000e+00
-9.015136819999999829e-02 8.081785800000001324e-03 0.000000000000000000e+00 1.980989920000000015e-01 9.015136819999999829e-02 8.108997199999998934e-03 -0.000000000000000000e+00 -1.980989920000000015e-01 -0.000000000000000000e+00 -3.692586979999999686e-02 0.000000000000000000e+00 0.000000000000000000e+00 0.000000000000000000e+00 3.398703859999999827e-02 0.000000000000000000e+00 -0.000000000000000000e+00 -0.000000000000000000e+00 -1.442204200000000167e-03 0.000000000000000000e+00 0.000000000000000000e+00 0.000000000000000000e+00 1.360570000000000182e-03 -0.000000000000000000e+00 -0.000000000000000000e+00 -1.360570000000000290e-04 0.000000000000000000e+00 -0.000000000000000000e+00 0.000000000000000000e+00 1.360570000000000290e-04 0.000000000000000000e+00 0.000000000000000000e+00 -0.000000000000000000e+00
-0.000000000000000000e+00 -0.000000000000000000e+00 -8.076343520000001108e-02 0.000000000000000000e+00 -0.000000000000000000e+00 0.000000000000000000e+00 -8.076343520000001108e-02 0.000000000000000000e+00 -0.000000000000000000e+00 0.000000000000000000e+00 -2.800053060000000024e-02 0.000000000000000000e+00 -0.000000000000000000e+00 0.000000000000000000e+00 -1.404108240000000001e-02 0.000000000000000000e+00 -0.000000000000000000e+00 0.000000000000000000e+00 -1.224513000000000207e-03 0.000000000000000000e+00 -0.000000000000000000e+00 -0.000000000000000000e+00 -6.802850000000000910e-04 -0.000000000000000000e+00 -0.000000000000000000e+00 0.000000000000000000e+00 -2.993253999999999988e-04 0.000000000000000000e+00 -0.000000000000000000e+00 -0.000000000000000000e+00 -2.993253999999999988e-04 0.000000000000000000e+00
-3.078425681999999997e-01 1.980989920000000015e-01 -0.000000000000000000e+00 6.141068752000000686e-01 -3.078425681999999997e-01 -1.980989920000000015e-01 -0.000000000000000000e+00 6.140796638000000085e-01 -1.138524976000000050e-01 -0.000000000000000000e+00 -0.000000000000000000e+00 3.002505876000000073e-01 -4.726620180000000448e-02 -0.000000000000000000e+00 -0.000000000000000000e+00 1.384243918000000184e-01 -4.163344200000000314e-03 -0.000000000000000000e+00 -0.000000000000000000e+00 2.054460700000000292e-02 -2.040854999999999839e-03 -0.000000000000000000e+00 0.000000000000000000e+00 1.096619419999999949e-02 -0.000000000000000000e+00 -0.000000000000000000e+00 0.000000000000000000e+00 6.095353599999999740e-03 -0.000000000000000000e+00 0.000000000000000000e+00 0.000000000000000000e+00 6.095353599999999740e-03
-9.406980980000000103e-02 -9.015136819999999829e-02 -0.000000000000000000e+00 3.078153567999999951e-01 -9.409702120000000558e-02 9.015136819999999829e-02 -0.000000000000000000e+00 3.078425681999999997e-01 -1.126551959999999922e-02 0.000000000000000000e+00 -0.000000000000000000e+00 4.726620180000000448e-02 -2.832706740000000278e-02 -0.000000000000000000e+00 -0.000000000000000000e+00 1.155123929999999910e-01 -3.537481999999999888e-04 0.000000000000000000e+00 -0.000000000000000000e+00 2.040854999999999839e-03 -7.347077999999999725e-04 -0.000000000000000000e+00 -0.000000000000000000e+00 4.163344200000000314e-03 -1.632684000000000240e-04 -1.360570000000000290e-04 -0.000000000000000000e+00 -0.000000000000000000e+00 -1.632684000000000240e-04 1.360570000000000290e-04 -0.000000000000000000e+00 -0.000000000000000000e+00
9.015136819999999829e-02 8.108997199999998934e-03 -0.000000000000000000e+00 -1.980989920000000015e-01 -9.015136819999999829e-02 8.081785800000001324e-03 0.000000000000000000e+00 1.980989920000000015e-01 -0.000000000000000000e+00 3.398703859999999827e-02 0.000000000000000000e+00 0.000000000000000000e+00 -0.000000000000000000e+00 -3.692586979999999686e-02 0.000000000000000000e+00 0.000000000000000000e+00 -0.000000000000000000e+00 1.360570000000000182e-03 -0.000000000000000000e+00 0.000000000000000000e+00 -0.000000000000000000e+00 -1.442204200000000167e-03 0.000000000000000000e+00 0.000000000000000000e+00 1.360570000000000290e-04 0.000000000000000000e+00 0.000000000000000000e+00 -0.000000000000000000e+00 -1.360570000000000290e-04 0.000000000000000000e+00 -0.000000000000000000e+00 0.000000000000000000e+00
-0.000000000000000000e+00 0.000000000000000000e+00 -8.076343520000001108e-02 0.000000000000000000e+00 -0.000000000000000000e+00 -0.000000000000000000e+00 -8.076343520000001108e-02 0.000000000000000000e+00 -0.000000000000000000e+00 0.000000000000000000e+00 -1.404108240000000001e-02 0.000000000000000000e+00 -0.000000000000000000e+00 0.000000000000000000e+00 -2.800053060000000024e-02 0.000000000000000000e+00 -0.000000000000000000e+00 -0.000000000000000000e+00 -6.802850000000000910e-04 -0.000000000000000000e+00 -0.000000000000000000e+00 0.000000000000000000e+00 -1.224513000000000207e-03 0.000000000000000000e+00 -0.000000000000000000e+00 -0.000000000000000000e+00 -2.993253999999999988e-04 0.000000000000000000e+00 -0.000000000000000000e+00 0.000000000000000000e+00 -2.993253999999999988e-04 0.000000000000000000e+00
-3.078153567999999951e-01 -1.980989920000000015e-01 -0.000000000000000000e+00 6.140524524000000595e-01 -3.078425681999999997e-01 1.980989920000000015e-01 -0.000000000000000000e+00 6.141068752000000686e-01 -4.726620180000000448e-02 0.000000000000000000e+00 -0.000000000000000000e+00 1.384243918000000184e-01 -1.138524976000000050e-01 -0.000000000000000000e+00 -0.000000000000000000e+00 3.002505876000000073e-01 -2.040854999999999839e-03 0.000000000000000000e+00 0.000000000000000000e+00 1.096619419999999949e-02 -4.163344200000000314e-03 -0.000000000000000000e+00 -0.000000000000000000e+00 2.054460700000000292e-02 -0.000000000000000000e+00 0.000000000000000000e+00 0.000000000000000000e+00 6.095353599999999740e-03 -0.000000000000000000e+00 -0.000000000000000000e+00 0.000000000000000000e+00 6.095353599999999740e-03
-1.419972486200000050e+00 1.185301372600000125e+00 0.000000000000000000e+00 2.359772608000000105e+00 -1.419836429200000083e+00 -1.185246949800000005e+00 0.000000000000000000e+00 2.359582128200000017e+00 -6.324473588000000257e-01 -0.000000000000000000e+00 -0.000000000000000000e+00 1.451374441800000081e+00 -1.815816722000000161e-01 -0.000000000000000000e+00 -0.000000000000000000e+00 4.736144170000000098e-01 -2.832706740000000278e-02 -0.000000000000000000e+00 -0.000000000000000000e+00 1.138524976000000050e-01 -1.126551959999999922e-02 -0.000000000000000000e+00 -0.000000000000000000e+00 4.726620180000000448e-02 -3.510270600000000001e-03 3.401425000000000021e-03 -0.000000000000000000e+00 1.738808460000000264e-02 -3.510270600000000001e-03 -3.401425000000000021e-03 -0.000000000000000000e+00 1.738808460000000264e-02
-1.252404685000000129e+00 2.343717882000000419e-01 -0.000000000000000000e+00 1.670752748600000226e+00 1.252377473600000179e+00 2.344534224000000278e-01 0.000000000000000000e+00 -1.670698325800000106e+00 -0.000000000000000000e+00 -5.575615860000000534e-01 0.000000000000000000e+00 2.721139999999999836e-05 0.000000000000000000e+00 4.646074436000000030e-01 0.000000000000000000e+00 -0.000000000000000000e+00 -0.000000000000000000e+00 -3.692586979999999686e-02 0.000000000000000000e+00 0.000000000000000000e+00 0.000000000000000000e+00 3.398703859999999827e-02 0.000000000000000000e+00 -0.000000000000000000e+00 -3.401425000000000021e-03 2.176911999999999868e-04 -0.000000000000000000e+00 1.327916320000000101e-02 3.401425000000000021e-03 2.176911999999999868e-04 0.000000000000000000e+00 -1.327916320000000101e-02
0.000000000000000000e+00 0.000000000000000000e+00 -7.257280379999999642e-01 0.000000000000000000e+00 0.000000000000000000e+00 -0.000000000000000000e+00 -7.256736152000000661e-01 0.000000000000000000e+00 -0.000000000000000000e+00 0.000000000000000000e+00 -3.530134922000000008e-01 0.000000000000000000e+00 -0.000000000000000000e+00 0.000000000000000000e+00 -1.527375881999999963e-01 0.000000000000000000e+00 -0.000000000000000000e+00 0.000000000000000000e+00 -2.800053060000000024e-02 0.000000000000000000e+00 -0.000000000000000000e+00 0.000000000000000000e+00 -1.404108240000000001e-02 0.000000000000000000e+00 -0.000000000000000000e+00 0.000000000000000000e+00 -4.761994999999999770e-03 0.000000000000000000e+00 -0.000000000000000000e+00 -0.000000000000000000e+00 -4.761994999999999770e-03 0.000000000000000000e+00
-2.317730995000000238e+00 1.437278936600000057e+00 -0.000000000000000000e+00 2.023875086399999912e+00 -2.317540515199999707e+00 -1.437224513800000159e+00 -0.000000000000000000e+00 2.023657395200000320e+00 -1.451374441800000081e+00 -2.721139999999999836e-05 -0.000000000000000000e+00 1.903546275600000115e+00 -4.736144170000000098e-01 -0.000000000000000000e+00 -0.000000000000000000e+00 6.624343216000000423e-01 -1.155123929999999910e-01 -0.000000000000000000e+00 -0.000000000000000000e+00 3.002505876000000073e-01 -4.726620180000000448e-02 -0.000000000000000000e+00 -0.000000000000000000e+00 1.384243918000000184e-01 -1.738808460000000264e-02 1.327916320000000101e-02 -0.000000000000000000e+00 6.427332680000000242e-02 -1.738808460000000264e-02 -1.327916320000000101e-02 -0.000000000000000000e+00 6.427332680000000242e-02
-1.419809217800000134e+00 -1.185219738400000056e+00 0.000000000000000000e+00 2.359527705400000119e+00 -1.419972486200000050e+00 1.185274161199999954e+00 0.000000000000000000e+00 2.359772608000000105e+00 -1.815816722000000161e-01 0.000000000000000000e+00 -0.000000000000000000e+00 4.736144170000000098e-01 -6.324473588000000257e-01 -0.000000000000000000e+00 -0.000000000000000000e+00 1.451347230400000132e+00 -1.126551959999999922e-02 0.000000000000000000e+00 -0.000000000000000000e+00 4.726620180000000448e-02 -2.832706740000000278e-02 -0.000000000000000000e+00 -0.000000000000000000e+00 1.138524976000000050e-01 -3.510270600000000001e-03 -3.401425000000000021e-03 -0.000000000000000000e+00 1.738808460000000264e-02 -3.510270600000000001e-03 3.401425000000000021e-03 -0.000000000000000000e+00 1.738808460000000264e-02
1.252350262200000008e+00 2.345078452000000369e-01 0.000000000000000000e+00 -1.670671114400000157e+00 -1.252404685000000129e+00 2.343717882000000419e-01 -0.000000000000000000e+00 1.670779960000000175e+00 -0.000000000000000000e+00 4.646074436000000030e-01 0.000000000000000000e+00 0.000000000000000000e+00 -0.000000000000000000e+00 -5.575615860000000534e-01 0.000000000000000000e+00 2.721139999999999836e-05 -0.000000000000000000e+00 3.398703859999999827e-02 0.000000000000000000e+00 0.000000000000000000e+00 -0.000000000000000000e+00 -3.692586979999999686e-02 0.000000000000000000e+00 0.000000000000000000e+00 3.401425000000000021e-03 2.176911999999999868e-04 0.000000000000000000e+00 -1.327916320000000101e-02 -3.401425000000000021e-03 2.176911999999999868e-04 -0.000000000000000000e+00 1.327916320000000101e-02
0.000000000000000000e+00 -0.000000000000000000e+00 -7.256464038000000061e-01 0.000000000000000000e+00 0.000000000000000000e+00 0.000000000000000000e+00 -7.257280379999999642e-01 0.000000000000000000e+00 -0.000000000000000000e+00 0.000000000000000000e+00 -1.527375881999999963e-01 0.000000000000000000e+00 -0.000000000000000000e+00 0.000000000000000000e+00 -3.530134922000000008e-01 0.000000000000000000e+00 -0.000000000000000000e+00 0.000000000000000000e+00 -1.404108240000000001e-02 0.000000000000000000e+00 -0.000000000000000000e+00 0.000000000000000000e+00 -2.800053060000000024e-02 0.000000000000000000e+00 -0.000000000000000000e+00 -0.000000000000000000e+00 -4.761994999999999770e-03 0.000000000000000000e+00 -0.000000000000000000e+00 0.000000000000000000e+00 -4.761994999999999770e-03 0.000000000000000000e+00
-2.317458881000000304e+00 -1.437197302400000209e+00 -0.000000000000000000e+00 2.023602972399999977e+00 -2.317730995000000238e+00 1.437278936600000057e+00 -0.000000000000000000e+00 2.023847874999999963e+00 -4.736144170000000098e-01 0.000000000000000000e+00 -0.000000000000000000e+00 6.624343216000000423e-01 -1.451347230400000132e+00 -2.721139999999999836e-05 -0.000000000000000000e+00 1.903519064200000166e+00 -4.726620180000000448e-02 0.000000000000000000e+00 -0.000000000000000000e+00 1.384243918000000184e-01 -1.155123929999999910e-01 -0.000000000000000000e+00 -0.000000000000000000e+00 3.002505876000000073e-01 -1.738808460000000264e-02 -1.327916320000000101e-02 -0.000000000000000000e+00 6.427332680000000242e-02 -1.738808460000000264e-02 1.327916320000000101e-02 -0.000000000000000000e+00 6.427332680000000242e-02
-7.703792242600000506e+00 5.442279999999999671e-05 0.000000000000000000e+00 8.148644209800000482e+00 -1.261112333000000030e+00 -5.442279999999999671e-05 -0.000000000000000000e+00 1.445660047800000125e+00 -1.419972486200000050e+00 -1.252404685000000129e+00 -0.000000000000000000e+00 2.317730995000000238e+00 -1.419809217800000134e+00 1.252350262200000008e+00 0.000000000000000000e+00 2.317458881000000304e+00 -9.409702120000000558e-02 -9.015136819999999829e-02 -0.000000000000000000e+00 3.078425681999999997e-01 -9.406980980000000103e-02 9.015136819999999829e-02 -0.000000000000000000e+00 3.078153567999999951e-01 -2.832706740000000278e-02 0.000000000000000000e+00 -0.000000000000000000e+00 1.155123929999999910e-01 -1.126551959999999922e-02 -0.000000000000000000e+00 -0.000000000000000000e+00 4.726620180000000448e-02
5.442279999999999671e-05 -4.188024939800000013e+00 0.000000000000000000e+00 -8.163420000000001201e-05 2.721139999999999836e-05 2.549027895000000044e+00 0.000000000000000000e+00 -5.442279999999999671e-05 1.185301372600000125e+00 2.343717882000000419e-01 0.000000000000000000e+00 -1.437278936600000057e+00 -1.185219738400000056e+00 2.345078452000000369e-01 -0.000000000000000000e+00 1.437197302400000209e+00 9.015136819999999829e-02 8.081785800000001324e-03 -0.000000000000000000e+00 -1.980989920000000015e-01 -9.015136819999999829e-02 8.108997199999998934e-03 0.000000000000000000e+00 1.980989920000000015e-01 0.000000000000000000e+00 -3.692586979999999686e-02 0.000000000000000000e+00 -0.000000000000000000e+00 0.000000000000000000e+00 3.398703859999999827e-02 0.000000000000000000e+00 -0.000000000000000000e+00
0.000000000000000000e+00 0.000000000000000000e+00 -3.337641478400000139e+00 0.000000000000000000e+00 -0.000000000000000000e+00 0.000000000000000000e+00 -7.009112412000000347e-01 0.000000000000000000e+00 -0.000000000000000000e+00 -0.000000000000000000e+00 -7.257280379999999642e-01 0.000000000000000000e+00 0.000000000000000000e+00 0.000000000000000000e+00 -7.256464038000000061e-01 0.000000000000000000e+00 -0.000000000000000000e+00 0.000000000000000000e+00 -8.076343520000001108e-02 0.000000000000000000e+00 -0.000000000000000000e+00 0.000000000000000000e+00 -8.076343520000001108e-02 0.000000000000000000e+00 -0.000000000000000000e+00 0.000000000000000000e+00 -2.800053060000000024e-02 0.000000000000000000e+00 -0.000000000000000000e+00 0.000000000000000000e+00 -1.404108240000000001e-02 0.000000000000000000e+00
-8.148644209800000482e+00 8.163420000000001201e-05 -0.000000000000000000e+00 4.192569243599999496e+00 -1.445660047800000125e+00 -2.721139999999999836e-05 -0.000000000000000000e+00 6.427332680000000242e-02 -2.359772608000000105e+00 -1.670752748600000226e+00 -0.000000000000000000e+00 2.023875086399999912e+00 -2.359527705400000119e+00 1.670671114400000157e+00 -0.000000000000000000e+00 2.023602972399999977e+00 -3.078425681999999997e-01 -1.980989920000000015e-01 -0.000000000000000000e+00 6.141068752000000686e-01 -3.078153567999999951e-01 1.980989920000000015e-01 -0.000000000000000000e+00 6.140524524000000595e-01 -1.138524976000000050e-01 0.000000000000000000e+00 -0.000000000000000000e+00 3.002505876000000073e-01 -4.726620180000000448e-02 -0.000000000000000000e+00 -0.000000000000000000e+00 1.384243918000000184e-01
-1.261112333000000030e+00 2.721139999999999836e-05 -0.000000000000000000e+00 1.445660047800000125e+00 -7.703792242600000506e+00 2.721139999999999836e-05 0.000000000000000000e+00 8.148644209800000482e+00 -1.419836429200000083e+00 1.252377473600000179e+00 0.000000000000000000e+00 2.317540515199999707e+00 -1.419972486200000050e+00 -1.252404685000000129e+00 -0.000000000000000000e+00 2.317730995000000238e+00 -9.406980980000000103e-02 9.015136819999999829e-02 -0.000000000000000000e+00 3.078425681999999997e-01 -9.409702120000000558e-02 -9.015136819999999829e-02 -0.000000000000000000e+00 3.078425681999999997e-01 -1.126551959999999922e-02 0.000000000000000000e+00 -0.000000000000000000e+00 4.726620180000000448e-02 -2.832706740000000278e-02 0.000000000000000000e+00 -0.000000000000000000e+00 1.155123929999999910e-01
-5.442279999999999671e-05 2.549027895000000044e+00 0.000000000000000000e+00 2.721139999999999836e-05 2.721139999999999836e-05 -4.188024939800000013e+00 0.000000000000000000e+00 -5.442279999999999671e-05 -1.185246949800000005e+00 2.344534224000000278e-01 -0.000000000000000000e+00 1.437224513800000159e+00 1.185274161199999954e+00 2.343717882000000419e-01 0.000000000000000000e+00 -1.437278936600000057e+00 -9.015136819999999829e-02 8.108997199999998934e-03 0.000000000000000000e+00 1.980989920000000015e-01 9.015136819999999829e-02 8.081785800000001324e-03 -0.000000000000000000e+00 -1.980989920000000015e-01 -0.000000000000000000e+00 3.398703859999999827e-02 0.000000000000000000e+00 0.000000000000000000e+00 0.000000000000000000e+00 -3.692586979999999686e-02 0.000000000000000000e+00 -0.000000000000000000e+00
-0.000000000000000000e+00 0.000000000000000000e+00 -7.009112412000000347e-01 0.000000000000000000e+00 0.000000000000000000e+00 0.000000000000000000e+00 -3.337641478400000139e+00 0.000000000000000000e+00 0.000000000000000000e+00 0.000000000000000000e+00 -7.256736152000000661e-01 0.000000000000000000e+00 -0.000000000000000000e+00 -0.000000000000000000e+00 -7.257280379999999642e-01 0.000000000000000000e+00 -0.000000000000000000e+00 0.000000000000000000e+00 -8.076343520000001108e-02 0.000000000000000000e+00 -0.000000000000000000e+00 0.000000000000000000e+00 -8.076343520000001108e-02 0.000000000000000000e+00 -0.000000000000000000e+00 0.000000000000000000e+00 -1.404108240000000001e-02 0.000000000000000000e+00 -0.000000000000000000e+00 0.000000000000000000e+00 -2.800053060000000024e-02 0.000000000000000000e+00
-1.445660047800000125e+00 5.442279999999999671e-05 -0.000000000000000000e+00 6.427332680000000242e-02 -8.148644209800000482e+00 5.442279999999999671e-05 -0.000000000000000000e+00 4.192569243599999496e+00 -2.359582128200000017e+00 1.670698325800000106e+00 -0.000000000000000000e+00 2.023657395200000320e+00 -2.359772608000000105e+00 -1.670779960000000175e+00 -0.000000000000000000e+00 2.023847874999999963e+00 -3.078425681999999997e-01 1.980989920000000015e-01 -0.000000000000000000e+00 6.140796638000000085e-01 -3.078425681999999997e-01 -1.980989920000000015e-01 -0.000000000000000000e+00 6.141068752000000686e-01 -4.726620180000000448e-02 0.000000000000000000e+00 -0.000000000000000000e+00 1.384243918000000184e-01 -1.138524976000000050e-01 0.000000000000000000e+00 -0.000000000000000000e+00 3.002505876000000073e-01
