7.919999999999999523e-04 0.000000000000000000e+00 0.000000000000000000e+00 3.654999999999999829e-03 2.869999999999999830e-04 0.000000000000000000e+00 0.000000000000000000e+00 1.348999999999999939e-03 2.743999999999999911e-03 3.145999999999999925e-03 0.000000000000000000e+00 1.039200000000000020e-02 2.743000000000000212e-03 -3.145999999999999925e-03 0.000000000000000000e+00 1.039099999999999920e-02 4.601199999999999735e-02 5.022000000000000075e-02 0.000000000000000000e+00 9.425400000000000444e-02 4.600699999999999928e-02 -5.021799999999999875e-02 0.000000000000000000e+00 9.424399999999999444e-02 3.143079999999999763e-01 0.000000000000000000e+00 0.000000000000000000e+00 4.110280000000000045e-01 4.078699999999999687e-02 1.999999999999999909e-06 0.000000000000000000e+00 5.795000000000000151e-02
0.000000000000000000e+00 1.322000000000000041e-03 0.000000000000000000e+00 0.000000000000000000e+00 -0.000000000000000000e+00 -1.206000000000000041e-03 0.000000000000000000e+00 -0.000000000000000000e+00 -3.145999999999999925e-03 -3.640000000000000115e-04 0.000000000000000000e+00 -8.807999999999999857e-03 3.145999999999999925e-03 -3.649999999999999816e-04 0.000000000000000000e+00 8.807999999999999857e-03 -5.022000000000000075e-02 -1.057100000000000053e-02 0.000000000000000000e+00 -7.923099999999999588e-02 5.021799999999999875e-02 -1.058000000000000086e-02 0.000000000000000000e+00 7.922800000000000675e-02 0.000000000000000000e+00 2.423389999999999989e-01 0.000000000000000000e+00 0.000000000000000000e+00 -1.999999999999999909e-06 -1.368910000000000127e-01 0.000000000000000000e+00 -1.999999999999999909e-06
0.000000000000000000e+00 0.000000000000000000e+00 1.413999999999999892e-03 0.000000000000000000e+00 0.000000000000000000e+00 0.000000000000000000e+00 6.059999999999999849e-04 0.000000000000000000e+00 0.000000000000000000e+00 0.000000000000000000e+00 4.329999999999999648e-03 0.000000000000000000e+00 0.000000000000000000e+00 0.000000000000000000e+00 4.329999999999999648e-03 0.000000000000000000e+00 0.000000000000000000e+00 0.000000000000000000e+00 4.855999999999999900e-02 0.000000000000000000e+00 0.000000000000000000e+00 0.000000000000000000e+00 4.855600000000000194e-02 0.000000000000000000e+00 0.000000000000000000e+00 0.000000000000000000e+00 2.466990000000000016e-01 0.000000000000000000e+00 0.000000000000000000e+00 0.000000000000000000e+00 4.864199999999999774e-02 0.000000000000000000e+00
-3.654999999999999829e-03 0.000000000000000000e+00 0.000000000000000000e+00 -1.198699999999999939e-02 -1.348999999999999939e-03 -0.000000000000000000e+00 0.000000000000000000e+00 -4.828999999999999959e-03 -1.039200000000000020e-02 -8.807999999999999857e-03 0.000000000000000000e+00 -2.562499999999999847e-02 -1.039099999999999920e-02 8.807999999999999857e-03 0.000000000000000000e+00 -2.562299999999999994e-02 -9.425400000000000444e-02 -7.923099999999999588e-02 0.000000000000000000e+00 -1.019749999999999962e-01 -9.424399999999999444e-02 7.922800000000000675e-02 0.000000000000000000e+00 -1.019639999999999991e-01 -4.110280000000000045e-01 0.000000000000000000e+00 0.000000000000000000e+00 -2.732930000000000081e-01 -5.795000000000000151e-02 -1.999999999999999909e-06 0.000000000000000000e+00 -1.319999999999999993e-02
2.869999999999999830e-04 -0.000000000000000000e+00 0.000000000000000000e+00 1.348999999999999939e-03 7.919999999999999523e-04 0.000000000000000000e+00 0.000000000000000000e+00 3.654999999999999829e-03 2.743000000000000212e-03 -3.145999999999999925e-03 0.000000000000000000e+00 1.039099999999999920e-02 2.743999999999999911e-03 3.145999999999999925e-03 0.000000000000000000e+00 1.039200000000000020e-02 4.600800000000000028e-02 -5.021899999999999975e-02 0.000000000000000000e+00 9.424599999999999644e-02 4.601199999999999735e-02 5.022000000000000075e-02 0.000000000000000000e+00 9.425400000000000444e-02 4.078699999999999687e-02 -1.999999999999999909e-06 0.000000000000000000e+00 5.795000000000000151e-02 3.143079999999999763e-01 0.000000000000000000e+00 0.000000000000000000e+00 4.110280000000000045e-01
0.000000000000000000e+00 -1.206000000000000041e-03 0.000000000000000000e+00 0.000000000000000000e+00 0.000000000000000000e+00 1.322000000000000041e-03 0.000000000000000000e+00 0.000000000000000000e+00 3.145999999999999925e-03 -3.649999999999999816e-04 0.000000000000000000e+00 8.807999999999999857e-03 -3.145999999999999925e-03 -3.640000000000000115e-04 0.000000000000000000e+00 -8.807999999999999857e-03 5.021899999999999975e-02 -1.057800000000000060e-02 0.000000000000000000e+00 7.922899999999999388e-02 -5.022000000000000075e-02 -1.057100000000000053e-02 0.000000000000000000e+00 -7.923099999999999588e-02 1.999999999999999909e-06 -1.368910000000000127e-01 0.000000000000000000e+00 1.999999999999999909e-06 0.000000000000000000e+00 2.423389999999999989e-01 0.000000000000000000e+00 0.000000000000000000e+00
0.000000000000000000e+00 0.000000000000000000e+00 6.059999999999999849e-04 0.000000000000000000e+00 0.000000000000000000e+00 0.000000000000000000e+00 1.413999999999999892e-03 0.000000000000000000e+00 0.000000000000000000e+00 0.000000000000000000e+00 4.329999999999999648e-03 0.000000000000000000e+00 0.000000000000000000e+00 0.000000000000000000e+00 4.329999999999999648e-03 0.000000000000000000e+00 0.000000000000000000e+00 0.000000000000000000e+00 4.855700000000000294e-02 0.000000000000000000e+00 0.000000000000000000e+00 0.000000000000000000e+00 4.855999999999999900e-02 0.000000000000000000e+00 0.000000000000000000e+00 0.000000000000000000e+00 4.864199999999999774e-02 0.000000000000000000e+00 0.000000000000000000e+00 0.000000000000000000e+00 2.466990000000000016e-01 0.000000000000000000e+00
-1.348999999999999939e-03 0.000000000000000000e+00 0.000000000000000000e+00 -4.828999999999999959e-03 -3.654999999999999829e-03 0.000000000000000000e+00 0.000000000000000000e+00 -1.198699999999999939e-02 -1.039099999999999920e-02 8.807999999999999857e-03 0.000000000000000000e+00 -2.562299999999999994e-02 -1.039200000000000020e-02 -8.807999999999999857e-03 0.000000000000000000e+00 -2.562499999999999847e-02 -9.424599999999999644e-02 7.922899999999999388e-02 0.000000000000000000e+00 -1.019670000000000021e-01 -9.425400000000000444e-02 -7.923099999999999588e-02 0.000000000000000000e+00 -1.019749999999999962e-01 -5.795000000000000151e-02 1.999999999999999909e-06 0.000000000000000000e+00 -1.319999999999999993e-02 -4.110280000000000045e-01 0.000000000000000000e+00 0.000000000000000000e+00 -2.732930000000000081e-01
8.700000000000000051e-05 -9.699999999999999963e-05 0.000000000000000000e+00 4.820000000000000066e-04 8.700000000000000051e-05 9.699999999999999963e-05 0.000000000000000000e+00 4.820000000000000066e-04 7.919999999999999523e-04 0.000000000000000000e+00 0.000000000000000000e+00 3.654999999999999829e-03 2.869999999999999830e-04 0.000000000000000000e+00 0.000000000000000000e+00 1.348999999999999939e-03 2.042800000000000171e-02 0.000000000000000000e+00 0.000000000000000000e+00 5.806000000000000050e-02 5.320000000000000076e-03 0.000000000000000000e+00 0.000000000000000000e+00 1.609899999999999873e-02 4.601199999999999735e-02 -5.022000000000000075e-02 0.000000000000000000e+00 9.425400000000000444e-02 4.600800000000000028e-02 5.021899999999999975e-02 0.000000000000000000e+00 9.424599999999999644e-02
9.699999999999999963e-05 -7.999999999999999638e-06 0.000000000000000000e+00 4.620000000000000083e-04 -9.699999999999999963e-05 -7.999999999999999638e-06 0.000000000000000000e+00 -4.620000000000000083e-04 0.000000000000000000e+00 1.322000000000000041e-03 0.000000000000000000e+00 0.000000000000000000e+00 -0.000000000000000000e+00 -1.206000000000000041e-03 0.000000000000000000e+00 -0.000000000000000000e+00 0.000000000000000000e+00 2.341499999999999831e-02 0.000000000000000000e+00 0.000000000000000000e+00 -0.000000000000000000e+00 -1.937499999999999986e-02 0.000000000000000000e+00 -0.000000000000000000e+00 5.022000000000000075e-02 -1.057100000000000053e-02 0.000000000000000000e+00 7.923099999999999588e-02 -5.021899999999999975e-02 -1.057800000000000060e-02 0.000000000000000000e+00 -7.922899999999999388e-02
0.000000000000000000e+00 0.000000000000000000e+00 1.949999999999999965e-04 0.000000000000000000e+00 0.000000000000000000e+00 0.000000000000000000e+00 1.949999999999999965e-04 0.000000000000000000e+00 0.000000000000000000e+00 0.000000000000000000e+00 1.413999999999999892e-03 0.000000000000000000e+00 0.000000000000000000e+00 0.000000000000000000e+00 6.059999999999999849e-04 0.000000000000000000e+00 0.000000000000000000e+00 0.000000000000000000e+00 2.440700000000000161e-02 0.000000000000000000e+00 0.000000000000000000e+00 0.000000000000000000e+00 8.290000000000000493e-03 0.000000000000000000e+00 0.000000000000000000e+00 0.000000000000000000e+00 4.855999999999999900e-02 0.000000000000000000e+00 0.000000000000000000e+00 0.000000000000000000e+00 4.855700000000000294e-02 0.000000000000000000e+00
-4.820000000000000066e-04 4.620000000000000083e-04 0.000000000000000000e+00 -2.151999999999999833e-03 -4.820000000000000066e-04 -4.620000000000000083e-04 0.000000000000000000e+00 -2.151999999999999833e-03 -3.654999999999999829e-03 0.000000000000000000e+00 0.000000000000000000e+00 -1.198699999999999939e-02 -1.348999999999999939e-03 -0.000000000000000000e+00 0.000000000000000000e+00 -4.828999999999999959e-03 -5.806000000000000050e-02 0.000000000000000000e+00 0.000000000000000000e+00 -9.960600000000000009e-02 -1.609899999999999873e-02 -0.000000000000000000e+00 0.000000000000000000e+00 -2.859400000000000136e-02 -9.425400000000000444e-02 7.923099999999999588e-02 0.000000000000000000e+00 -1.019749999999999962e-01 -9.424599999999999644e-02 -7.922899999999999388e-02 0.000000000000000000e+00 -1.019670000000000021e-01
8.700000000000000051e-05 9.699999999999999963e-05 0.000000000000000000e+00 4.820000000000000066e-04 8.700000000000000051e-05 -9.699999999999999963e-05 0.000000000000000000e+00 4.820000000000000066e-04 2.869999999999999830e-04 -0.000000000000000000e+00 0.000000000000000000e+00 1.348999999999999939e-03 7.919999999999999523e-04 -0.000000000000000000e+00 0.000000000000000000e+00 3.654999999999999829e-03 5.320000000000000076e-03 -0.000000000000000000e+00 0.000000000000000000e+00 1.609899999999999873e-02 2.042800000000000171e-02 -0.000000000000000000e+00 0.000000000000000000e+00 5.806000000000000050e-02 4.600699999999999928e-02 5.021799999999999875e-02 0.000000000000000000e+00 9.424399999999999444e-02 4.601199999999999735e-02 -5.022000000000000075e-02 0.000000000000000000e+00 9.425400000000000444e-02
-9.699999999999999963e-05 -7.999999999999999638e-06 0.000000000000000000e+00 -4.620000000000000083e-04 9.699999999999999963e-05 -7.999999999999999638e-06 0.000000000000000000e+00 4.620000000000000083e-04 0.000000000000000000e+00 -1.206000000000000041e-03 0.000000000000000000e+00 0.000000000000000000e+00 0.000000000000000000e+00 1.322000000000000041e-03 0.000000000000000000e+00 0.000000000000000000e+00 0.000000000000000000e+00 -1.937499999999999986e-02 0.000000000000000000e+00 0.000000000000000000e+00 0.000000000000000000e+00 2.341499999999999831e-02 0.000000000000000000e+00 0.000000000000000000e+00 -5.021799999999999875e-02 -1.058000000000000086e-02 0.000000000000000000e+00 -7.922800000000000675e-02 5.022000000000000075e-02 -1.057100000000000053e-02 0.000000000000000000e+00 7.923099999999999588e-02
0.000000000000000000e+00 0.000000000000000000e+00 1.949999999999999965e-04 0.000000000000000000e+00 0.000000000000000000e+00 0.000000000000000000e+00 1.949999999999999965e-04 0.000000000000000000e+00 0.000000000000000000e+00 0.000000000000000000e+00 6.059999999999999849e-04 0.000000000000000000e+00 0.000000000000000000e+00 0.000000000000000000e+00 1.413999999999999892e-03 0.000000000000000000e+00 0.000000000000000000e+00 0.000000000000000000e+00 8.290000000000000493e-03 0.000000000000000000e+00 0.000000000000000000e+00 0.000000000000000000e+00 2.440700000000000161e-02 0.000000000000000000e+00 0.000000000000000000e+00 0.000000000000000000e+00 4.855600000000000194e-02 0.000000000000000000e+00 0.000000000000000000e+00 0.000000000000000000e+00 4.855999999999999900e-02 0.000000000000000000e+00
-4.820000000000000066e-04 -4.620000000000000083e-04 0.000000000000000000e+00 -2.151999999999999833e-03 -4.820000000000000066e-04 4.620000000000000083e-04 0.000000000000000000e+00 -2.151999999999999833e-03 -1.348999999999999939e-03 0.000000000000000000e+00 0.000000000000000000e+00 -4.828999999999999959e-03 -3.654999999999999829e-03 0.000000000000000000e+00 0.000000000000000000e+00 -1.198699999999999939e-02 -1.609899999999999873e-02 0.000000000000000000e+00 0.000000000000000000e+00 -2.859400000000000136e-02 -5.806000000000000050e-02 0.000000000000000000e+00 0.000000000000000000e+00 -9.960600000000000009e-02 -9.424399999999999444e-02 -7.922800000000000675e-02 0.000000000000000000e+00 -1.019639999999999991e-01 -9.425400000000000444e-02 7.923099999999999588e-02 0.000000000000000000e+00 -1.019749999999999962e-01
3.000000000000000076e-06 -3.000000000000000076e-06 0.000000000000000000e+00 0.000000000000000000e+00 3.000000000000000076e-06 3.000000000000000076e-06 0.000000000000000000e+00 0.000000000000000000e+00 1.800000000000000046e-05 0.000000000000000000e+00 0.000000000000000000e+00 1.110000000000000011e-04 7.999999999999999638e-06 0.000000000000000000e+00 0.000000000000000000e+00 5.000000000000000240e-05 7.919999999999999523e-04 0.000000000000000000e+00 0.000000000000000000e+00 3.654999999999999829e-03 2.869999999999999830e-04 0.000000000000000000e+00 0.000000000000000000e+00 1.348999999999999939e-03 2.743999999999999911e-03 -3.145999999999999925e-03 0.000000000000000000e+00 1.039200000000000020e-02 2.743000000000000212e-03 3.145999999999999925e-03 0.000000000000000000e+00 1.039099999999999920e-02
3.000000000000000076e-06 -0.000000000000000000e+00 0.000000000000000000e+00 0.000000000000000000e+00 -3.000000000000000076e-06 -0.000000000000000000e+00 0.000000000000000000e+00 0.000000000000000000e+00 0.000000000000000000e+00 4.100000000000000047e-05 0.000000000000000000e+00 0.000000000000000000e+00 -0.000000000000000000e+00 -3.899999999999999929e-05 0.000000000000000000e+00 -0.000000000000000000e+00 0.000000000000000000e+00 1.322000000000000041e-03 0.000000000000000000e+00 0.000000000000000000e+00 -0.000000000000000000e+00 -1.206000000000000041e-03 0.000000000000000000e+00 -0.000000000000000000e+00 3.145999999999999925e-03 -3.640000000000000115e-04 0.000000000000000000e+00 8.807999999999999857e-03 -3.145999999999999925e-03 -3.649999999999999816e-04 0.000000000000000000e+00 -8.807999999999999857e-03
0.000000000000000000e+00 0.000000000000000000e+00 9.000000000000000228e-06 0.000000000000000000e+00 0.000000000000000000e+00 0.000000000000000000e+00 9.000000000000000228e-06 0.000000000000000000e+00 0.000000000000000000e+00 0.000000000000000000e+00 4.399999999999999886e-05 0.000000000000000000e+00 0.000000000000000000e+00 0.000000000000000000e+00 2.099999999999999884e-05 0.000000000000000000e+00 0.000000000000000000e+00 0.000000000000000000e+00 1.413999999999999892e-03 0.000000000000000000e+00 0.000000000000000000e+00 0.000000000000000000e+00 6.059999999999999849e-04 0.000000000000000000e+00 0.000000000000000000e+00 0.000000000000000000e+00 4.329999999999999648e-03 0.000000000000000000e+00 0.000000000000000000e+00 0.000000000000000000e+00 4.329999999999999648e-03 0.000000000000000000e+00
0.000000000000000000e+00 0.000000000000000000e+00 0.000000000000000000e+00 -1.559999999999999972e-04 0.000000000000000000e+00 0.000000000000000000e+00 0.000000000000000000e+00 -1.559999999999999972e-04 -1.110000000000000011e-04 0.000000000000000000e+00 0.000000000000000000e+00 -6.369999999999999794e-04 -5.000000000000000240e-05 -0.000000000000000000e+00 0.000000000000000000e+00 -3.009999999999999980e-04 -3.654999999999999829e-03 0.000000000000000000e+00 0.000000000000000000e+00 -1.198699999999999939e-02 -1.348999999999999939e-03 -0.000000000000000000e+00 0.000000000000000000e+00 -4.828999999999999959e-03 -1.039200000000000020e-02 8.807999999999999857e-03 0.000000000000000000e+00 -2.562499999999999847e-02 -1.039099999999999920e-02 -8.807999999999999857e-03 0.000000000000000000e+00 -2.562299999999999994e-02
3.000000000000000076e-06 3.000000000000000076e-06 0.000000000000000000e+00 0.000000000000000000e+00 3.000000000000000076e-06 -3.000000000000000076e-06 0.000000000000000000e+00 0.000000000000000000e+00 7.999999999999999638e-06 -0.000000000000000000e+00 0.000000000000000000e+00 5.000000000000000240e-05 1.800000000000000046e-05 -0.000000000000000000e+00 0.000000000000000000e+00 1.110000000000000011e-04 2.869999999999999830e-04 -0.000000000000000000e+00 0.000000000000000000e+00 1.348999999999999939e-03 7.919999999999999523e-04 -0.000000000000000000e+00 0.000000000000000000e+00 3.654999999999999829e-03 2.743000000000000212e-03 3.145999999999999925e-03 0.000000000000000000e+00 1.039099999999999920e-02 2.743999999999999911e-03 -3.145999999999999925e-03 0.000000000000000000e+00 1.039200000000000020e-02
-3.000000000000000076e-06 -0.000000000000000000e+00 0.000000000000000000e+00 0.000000000000000000e+00 3.000000000000000076e-06 -0.000000000000000000e+00 0.000000000000000000e+00 0.000000000000000000e+00 0.000000000000000000e+00 -3.899999999999999929e-05 0.000000000000000000e+00 0.000000000000000000e+00 0.000000000000000000e+00 4.100000000000000047e-05 0.000000000000000000e+00 0.000000000000000000e+00 0.000000000000000000e+00 -1.206000000000000041e-03 0.000000000000000000e+00 0.000000000000000000e+00 0.000000000000000000e+00 1.322000000000000041e-03 0.000000000000000000e+00 0.000000000000000000e+00 -3.145999999999999925e-03 -3.649999999999999816e-04 0.000000000000000000e+00 -8.807999999999999857e-03 3.145999999999999925e-03 -3.640000000000000115e-04 0.000000000000000000e+00 8.807999999999999857e-03
0.000000000000000000e+00 0.000000000000000000e+00 9.000000000000000228e-06 0.000000000000000000e+00 0.000000000000000000e+00 0.000000000000000000e+00 9.000000000000000228e-06 0.000000000000000000e+00 0.000000000000000000e+00 0.000000000000000000e+00 2.099999999999999884e-05 0.000000000000000000e+00 0.000000000000000000e+00 0.000000000000000000e+00 4.399999999999999886e-05 0.000000000000000000e+00 0.000000000000000000e+00 0.000000000000000000e+00 6.059999999999999849e-04 0.000000000000000000e+00 0.000000000000000000e+00 0.000000000000000000e+00 1.413999999999999892e-03 0.000000000000000000e+00 0.000000000000000000e+00 0.000000000000000000e+00 4.329999999999999648e-03 0.000000000000000000e+00 0.000000000000000000e+00 0.000000000000000000e+00 4.329999999999999648e-03 0.000000000000000000e+00
0.000000000000000000e+00 0.000000000000000000e+00 0.000000000000000000e+00 -1.559999999999999972e-04 0.000000000000000000e+00 0.000000000000000000e+00 0.000000000000000000e+00 -1.559999999999999972e-04 -5.000000000000000240e-05 0.000000000000000000e+00 0.000000000000000000e+00 -3.009999999999999980e-04 -1.110000000000000011e-04 0.000000000000000000e+00 0.000000000000000000e+00 -6.369999999999999794e-04 -1.348999999999999939e-03 0.000000000000000000e+00 0.000000000000000000e+00 -4.828999999999999959e-03 -3.654999999999999829e-03 0.000000000000000000e+00 0.000000000000000000e+00 -1.198699999999999939e-02 -1.039099999999999920e-02 -8.807999999999999857e-03 0.000000000000000000e+00 -2.562299999999999994e-02 -1.039200000000000020e-02 8.807999999999999857e-03 0.000000000000000000e+00 -2.562499999999999847e-02
1.800000000000000046e-05 -0.000000000000000000e+00 0.000000000000000000e+00 -1.110000000000000011e-04 7.999999999999999638e-06 0.000000000000000000e+00 0.000000000000000000e+00 -5.000000000000000240e-05 3.000000000000000076e-06 3.000000000000000076e-06 0.000000000000000000e+00 -0.000000000000000000e+00 3.000000000000000076e-06 -3.000000000000000076e-06 0.000000000000000000e+00 0.000000000000000000e+00 8.700000000000000051e-05 9.699999999999999963e-05 0.000000000000000000e+00 4.820000000000000066e-04 8.700000000000000051e-05 -9.699999999999999963e-05 0.000000000000000000e+00 4.820000000000000066e-04 7.919999999999999523e-04 0.000000000000000000e+00 0.000000000000000000e+00 3.654999999999999829e-03 2.869999999999999830e-04 0.000000000000000000e+00 0.000000000000000000e+00 1.348999999999999939e-03
0.000000000000000000e+00 4.100000000000000047e-05 0.000000000000000000e+00 -0.000000000000000000e+00 -0.000000000000000000e+00 -3.899999999999999929e-05 0.000000000000000000e+00 0.000000000000000000e+00 -3.000000000000000076e-06 -0.000000000000000000e+00 0.000000000000000000e+00 0.000000000000000000e+00 3.000000000000000076e-06 -0.000000000000000000e+00 0.000000000000000000e+00 0.000000000000000000e+00 -9.699999999999999963e-05 -7.999999999999999638e-06 0.000000000000000000e+00 -4.620000000000000083e-04 9.699999999999999963e-05 -7.999999999999999638e-06 0.000000000000000000e+00 4.620000000000000083e-04 0.000000000000000000e+00 1.322000000000000041e-03 0.000000000000000000e+00 0.000000000000000000e+00 -0.000000000000000000e+00 -1.206000000000000041e-03 0.000000000000000000e+00 -0.000000000000000000e+00
0.000000000000000000e+00 0.000000000000000000e+00 4.399999999999999886e-05 0.000000000000000000e+00 0.000000000000000000e+00 0.000000000000000000e+00 2.099999999999999884e-05 0.000000000000000000e+00 0.000000000000000000e+00 0.000000000000000000e+00 9.000000000000000228e-06 0.000000000000000000e+00 0.000000000000000000e+00 0.000000000000000000e+00 9.000000000000000228e-06 0.000000000000000000e+00 0.000000000000000000e+00 0.000000000000000000e+00 1.949999999999999965e-04 0.000000000000000000e+00 0.000000000000000000e+00 0.000000000000000000e+00 1.949999999999999965e-04 0.000000000000000000e+00 0.000000000000000000e+00 0.000000000000000000e+00 1.413999999999999892e-03 0.000000000000000000e+00 0.000000000000000000e+00 0.000000000000000000e+00 6.059999999999999849e-04 0.000000000000000000e+00
1.110000000000000011e-04 -0.000000000000000000e+00 0.000000000000000000e+00 -6.369999999999999794e-04 5.000000000000000240e-05 0.000000000000000000e+00 0.000000000000000000e+00 -3.009999999999999980e-04 0.000000000000000000e+00 0.000000000000000000e+00 0.000000000000000000e+00 -1.559999999999999972e-04 0.000000000000000000e+00 0.000000000000000000e+00 0.000000000000000000e+00 -1.559999999999999972e-04 -4.820000000000000066e-04 -4.620000000000000083e-04 0.000000000000000000e+00 -2.151999999999999833e-03 -4.820000000000000066e-04 4.620000000000000083e-04 0.000000000000000000e+00 -2.151999999999999833e-03 -3.654999999999999829e-03 0.000000000000000000e+00 0.000000000000000000e+00 -1.198699999999999939e-02 -1.348999999999999939e-03 -0.000000000000000000e+00 0.000000000000000000e+00 -4.828999999999999959e-03
7.999999999999999638e-06 -0.000000000000000000e+00 0.000000000000000000e+00 -5.000000000000000240e-05 1.800000000000000046e-05 -0.000000000000000000e+00 0.000000000000000000e+00 -1.110000000000000011e-04 3.000000000000000076e-06 -3.000000000000000076e-06 0.000000000000000000e+00 0.000000000000000000e+00 3.000000000000000076e-06 3.000000000000000076e-06 0.000000000000000000e+00 -0.000000000000000000e+00 8.700000000000000051e-05 -9.699999999999999963e-05 0.000000000000000000e+00 4.820000000000000066e-04 8.700000000000000051e-05 9.699999999999999963e-05 0.000000000000000000e+00 4.820000000000000066e-04 2.869999999999999830e-04 -0.000000000000000000e+00 0.000000000000000000e+00 1.348999999999999939e-03 7.919999999999999523e-04 0.000000000000000000e+00 0.000000000000000000e+00 3.654999999999999829e-03
0.000000000000000000e+00 -3.899999999999999929e-05 0.000000000000000000e+00 -0.000000000000000000e+00 0.000000000000000000e+00 4.100000000000000047e-05 0.000000000000000000e+00 -0.000000000000000000e+00 3.000000000000000076e-06 -0.000000000000000000e+00 0.000000000000000000e+00 0.000000000000000000e+00 -3.000000000000000076e-06 -0.000000000000000000e+00 0.000000000000000000e+00 0.000000000000000000e+00 9.699999999999999963e-05 -7.999999999999999638e-06 0.000000000000000000e+00 4.620000000000000083e-04 -9.699999999999999963e-05 -7.999999999999999638e-06 0.000000000000000000e+00 -4.620000000000000083e-04 0.000000000000000000e+00 -1.206000000000000041e-03 0.000000000000000000e+00 0.000000000000000000e+00 0.000000000000000000e+00 1.322000000000000041e-03 0.000000000000000000e+00 0.000000000000000000e+00
0.000000000000000000e+00 0.000000000000000000e+00 2.099999999999999884e-05 0.000000000000000000e+00 0.000000000000000000e+00 0.000000000000000000e+00 4.399999999999999886e-05 0.000000000000000000e+00 0.000000000000000000e+00 0.000000000000000000e+00 9.000000000000000228e-06 0.000000000000000000e+00 0.000000000000000000e+00 0.000000000000000000e+00 9.000000000000000228e-06 0.000000000000000000e+00 0.000000000000000000e+00 0.000000000000000000e+00 1.949999999999999965e-04 0.000000000000000000e+00 0.000000000000000000e+00 0.000000000000000000e+00 1.949999999999999965e-04 0.000000000000000000e+00 0.000000000000000000e+00 0.000000000000000000e+00 6.059999999999999849e-04 0.000000000000000000e+00 0.000000000000000000e+00 0.000000000000000000e+00 1.413999999999999892e-03 0.000000000000000000e+00
5.000000000000000240e-05 -0.000000000000000000e+00 0.000000000000000000e+00 -3.009999999999999980e-04 1.110000000000000011e-04 -0.000000000000000000e+00 0.000000000000000000e+00 -6.369999999999999794e-04 0.000000000000000000e+00 0.000000000000000000e+00 0.000000000000000000e+00 -1.559999999999999972e-04 0.000000000000000000e+00 0.000000000000000000e+00 0.000000000000000000e+00 -1.559999999999999972e-04 -4.820000000000000066e-04 4.620000000000000083e-04 0.000000000000000000e+00 -2.151999999999999833e-03 -4.820000000000000066e-04 -4.620000000000000083e-04 0.000000000000000000e+00 -2.151999999999999833e-03 -1.348999999999999939e-03 0.000000000000000000e+00 0.000000000000000000e+00 -4.828999999999999959e-03 -3.654999999999999829e-03 0.000000000000000000e+00 0.000000000000000000e+00 -1.198699999999999939e-02
